2000 1000
149
970
171
551
754
913
346
274
35
36
37
850
283
325
41
128
611
597
45
846
576
48
49
909
382
622
295
54
362
120
57
753
814
599
390
315
721
479
394
66
466
32
640
157
960
2
91
74
709
396
477
491
521
440
556
972
608
527
648
758
983
280
89
884
725
92
547
153
947
594
939
303
673
985
525
542
22
607
309
819
475
297
109
953
857
112
150
114
115
538
117
15
298
614
121
760
273
868
80
126
688
935
101
603
781
33
310
888
467
829
932
356
399
236
141
583
143
144
446
879
147
715
206
113
151
405
982
897
600
714
70
423
177
595
402
504
163
499
606
965
167
222
169
417
272
172
660
928
471
761
307
178
179
687
508
118
319
393
381
799
743
170
26
106
895
313
245
194
27
413
968
703
116
10
158
718
31
333
616
284
724
742
240
166
690
679
44
214
427
921
96
766
826
324
770
768
60
992
123
257
695
136
450
712
383
706
572
202
485
359
130
697
480
747
241
978
243
891
848
667
366
220
249
250
251
338
737
512
568
644
566
119
312
77
627
262
305
811
713
680
901
564
395
28
326
623
285
899
834
330
447
3
628
165
957
224
397
777
654
83
842
288
289
67
291
996
293
871
65
131
134
188
979
779
301
588
519
522
454
107
242
898
510
717
203
923
205
314
987
914
668
545
238
675
268
322
929
967
148
373
500
328
329
746
331
190
122
976
805
208
337
663
699
68
541
364
343
175
494
353
292
110
226
638
793
352
105
582
355
723
853
496
685
795
361
183
925
769
73
46
38
350
778
299
969
823
733
374
371
418
375
72
997
540
579
922
231
384
69
219
20
388
462
61
629
332
281
363
744
705
367
16
825
827
716
858
686
835
613
160
554
180
409
410
182
860
94
763
516
334
955
999
193
621
691
469
841
424
503
426
930
233
348
430
431
665
161
940
435
1
946
974
439
62
95
442
86
919
892
989
400
635
449
571
735
658
474
605
339
682
187
633
893
168
924
244
809
98
465
267
135
468
422
933
278
887
529
824
387
692
186
637
632
641
258
482
837
296
235
255
591
181
489
490
575
774
493
845
253
53
908
498
785
316
229
973
650
883
520
943
155
76
360
966
124
254
513
815
704
146
277
464
21
748
536
421
523
517
950
980
84
436
988
530
87
389
282
411
807
210
252
651
794
227
902
425
912
948
561
546
378
936
915
550
543
707
419
806
176
532
816
905
618
678
358
111
876
798
476
501
463
991
9
683
198
702
526
228
261
47
577
578
790
889
481
286
954
154
585
304
749
6
589
590
657
340
323
587
218
459
453
401
40
511
601
598
398
604
209
320
861
918
609
610
907
619
407
752
880
248
873
741
342
620
872
548
29
380
676
557
797
279
18
700
847
874
812
386
50
636
404
75
372
869
266
531
649
162
645
646
859
854
780
602
102
875
653
652
694
574
164
452
428
506
767
662
937
664
784
256
63
478
669
569
335
672
99
152
354
306
108
796
443
802
184
870
368
890
156
294
509
392
689
217
351
677
433
881
711
137
420
818
483
789
132
104
438
263
457
369
693
942
639
720
563
230
558
808
211
259
674
234
197
64
90
237
215
432
927
831
727
461
216
308
731
732
408
956
647
276
349
738
739
630
19
302
145
79
745
264
55
726
843
701
751
271
573
191
755
492
757
370
759
856
904
762
318
81
765
174
528
200
740
801
771
772
552
539
804
580
866
311
327
643
581
472
821
173
8
14
787
788
994
776
791
290
926
25
414
813
729
455
792
58
127
207
803
533
341
750
78
103
822
43
840
429
403
671
39
631
12
698
862
981
844
213
535
456
129
836
204
232
634
830
505
24
833
487
192
562
357
212
917
460
722
977
52
624
269
445
484
195
133
225
961
497
185
518
855
488
681
615
441
486
199
97
782
42
5
71
867
567
434
142
458
139
347
984
586
719
877
659
247
287
537
882
17
555
885
886
437
941
655
684
275
666
201
894
951
896
584
391
828
900
775
553
903
451
1000
906
565
321
964
514
612
544
376
773
88
916
911
851
756
920
832
246
878
125
13
820
852
570
559
534
931
696
736
934
473
56
345
385
239
196
515
708
365
140
945
100
958
549
949
138
270
93
495
800
661
377
444
817
507
317
336
962
838
734
59
223
159
938
448
952
971
642
593
524
975
416
730
810
82
85
560
764
300
265
910
986
617
4
863
990
963
839
993
34
626
596
95
98
344
415
100
2
87
43
5
83
16
7
85
19
52
84
31
93
77
63
57
50
59
20
55
47
23
13
62
18
92
44
29
96
28
98
58
99
35
10
9
33
45
32
82
69
21
22
15
60
39
64
8
25
90
65
86
54
51
56
14
27
67
81
91
46
38
48
11
24
76
41
40
70
88
73
30
74
66
36
26
78
79
97
68
3
89
75
17
61
95
80
42
34
1
53
71
12
4
6
37
49
94
72
424
396
308
460
5
159
7
352
199
207
57
116
13
271
415
3
106
18
19
351
420
311
412
94
74
372
195
28
270
269
228
101
355
479
54
186
443
488
416
40
227
42
431
44
444
362
360
401
161
333
325
52
370
349
256
104
151
427
239
66
454
305
39
378
214
21
258
68
91
70
185
307
303
96
75
37
330
219
51
125
79
386
231
490
297
213
14
88
163
147
158
377
248
368
61
127
105
200
344
103
218
472
380
429
359
146
277
457
430
211
196
266
113
497
135
35
261
358
464
141
230
474
49
165
80
126
373
418
95
450
456
451
133
150
383
448
137
292
139
296
264
142
410
181
164
16
25
143
273
298
26
237
149
347
375
2
475
69
422
204
329
206
246
382
459
320
265
168
4
407
171
482
182
174
409
463
177
289
336
180
480
232
183
242
241
41
187
92
160
190
492
445
83
194
132
425
197
198
339
245
201
428
156
315
404
433
102
438
33
210
452
212
86
87
284
216
222
155
32
60
202
389
369
487
225
295
278
38
229
62
173
111
233
234
215
236
262
56
294
124
363
67
175
267
280
136
247
148
24
250
499
436
34
332
421
10
257
217
243
477
346
99
494
205
453
331
496
268
414
29
82
226
114
274
275
417
288
388
162
263
170
84
283
120
290
354
468
361
178
109
131
251
193
128
340
470
293
46
299
63
72
321
392
304
166
306
342
100
408
395
385
282
318
167
145
224
317
11
108
189
423
322
300
55
285
326
394
467
154
442
144
483
115
481
399
449
81
209
89
123
15
478
466
238
350
323
364
1
491
119
328
188
301
220
337
312
495
287
291
50
413
374
432
272
365
366
367
493
30
64
192
152
439
254
498
310
279
90
484
93
134
302
384
398
107
97
203
153
286
129
71
76
53
327
393
85
397
223
335
400
48
65
403
172
390
406
485
356
387
316
437
31
110
348
281
447
43
402
419
235
73
6
244
255
260
426
391
338
309
252
341
446
208
440
179
27
221
240
59
357
441
343
184
473
45
500
22
9
434
130
381
376
23
435
276
138
58
458
345
379
461
77
176
253
465
20
314
169
469
455
471
17
140
319
157
476
191
117
12
36
334
98
118
405
47
486
489
121
122
324
411
371
259
462
353
313
112
78
8
249
1
280
130
383
76
262
336
257
347
10
11
87
160
338
15
382
57
378
32
173
45
241
23
34
25
188
27
250
167
375
235
82
355
106
330
325
349
331
64
52
128
146
361
91
232
190
117
356
85
359
258
379
292
150
3
100
169
8
393
99
174
132
92
143
251
366
67
6
155
345
75
194
172
118
28
109
273
79
384
40
81
343
121
84
397
380
231
189
322
229
175
46
162
282
95
233
218
318
321
197
242
102
180
42
398
198
352
363
71
110
111
105
260
267
168
5
145
74
147
21
305
114
215
12
134
126
65
304
124
316
51
108
94
148
296
351
399
358
309
140
278
142
200
182
58
293
122
314
178
120
329
37
214
154
392
256
285
158
159
70
187
93
163
185
277
4
29
344
312
246
112
103
319
43
315
20
342
374
170
49
181
166
389
205
133
186
245
335
78
353
302
7
86
115
139
333
63
113
179
149
202
259
283
60
44
77
385
346
219
39
373
17
266
286
33
216
129
97
48
289
53
323
164
217
225
226
307
80
138
107
193
196
55
101
30
224
135
391
239
240
50
303
96
104
274
268
295
248
387
372
370
252
38
254
255
156
127
137
47
171
290
388
238
270
144
213
269
119
265
243
301
332
371
72
394
284
244
98
206
66
340
327
328
54
116
210
151
176
230
275
208
9
317
294
199
31
297
390
299
203
400
88
249
287
350
264
364
247
59
211
311
223
261
56
291
395
396
141
183
123
281
89
222
324
36
165
369
221
16
136
237
73
153
334
306
362
337
83
339
320
308
22
326
272
228
19
310
348
152
69
13
191
381
354
236
234
357
276
341
360
61
24
125
376
365
201
367
26
227
253
279
204
177
313
207
62
377
195
131
220
368
212
271
263
192
2
14
300
161
298
157
209
90
184
35
18
41
386
288
68
728
970
171
551
754
913
346
274
35
36
37
850
283
325
41
128
611
597
45
846
576
48
49
909
382
622
